     1        0   0.000
     2    18936   0.010
     3    37871   0.020
     4    56806   0.030
     5    75741   0.040
     6    94676   0.050
     7   113611   0.060
     8   132546   0.070
     9   151481   0.080
    10   170416   0.090
    11   189351   0.100
    12   208286   0.110
    13   227221   0.120
    14   246156   0.130
    15   265091   0.140
    16   284026   0.150
    17   302961   0.160
    18   321896   0.170
    19   340831   0.180
    20   359766   0.190
    21   378701   0.200
    22   397636   0.210
    23   416571   0.220
    24   435506   0.230
    25   454441   0.240
    26   473376   0.250
    27   492311   0.260
    28   511246   0.270
    29   530181   0.280
    30   549116   0.290
    31   568051   0.300
    32   586986   0.310
    33   605921   0.320
    34   624856   0.330
    35   643791   0.340
    36   662726   0.350
    37   681661   0.360
    38   700596   0.370
    39   719531   0.380
    40   738466   0.390
    41   757401   0.400
    42   776336   0.410
    43   795271   0.420
    44   814206   0.430
    45   833141   0.440
    46   852076   0.450
    47   871011   0.460
    48   889946   0.470
    49   908881   0.480
    50   927816   0.490
    51   946751   0.500
    52   965686   0.510
    53   984621   0.520
    54  1003556   0.530
    55  1022491   0.540
    56  1041426   0.550
    57  1060361   0.560
    58  1079296   0.570
    59  1098231   0.580
    60  1117166   0.590
    61  1136101   0.600
    62  1155036   0.610
    63  1173971   0.620
    64  1192906   0.630
    65  1211841   0.640
    66  1230776   0.650
    67  1249711   0.660
    68  1268646   0.670
    69  1287581   0.680
    70  1306516   0.690
    71  1325451   0.700
    72  1344386   0.710
    73  1363321   0.720
    74  1382256   0.730
    75  1401191   0.740
    76  1420126   0.750
    77  1439061   0.760
    78  1457996   0.770
    79  1476931   0.780
    80  1495866   0.790
    81  1514801   0.800
    82  1533736   0.810
    83  1552671   0.820
    84  1571606   0.830
    85  1590541   0.840
    86  1609476   0.850
    87  1628411   0.860
    88  1647346   0.870
    89  1666281   0.880
    90  1685216   0.890
    91  1704151   0.900
    92  1723086   0.910
    93  1742021   0.920
    94  1760956   0.930
    95  1779891   0.940
    96  1798826   0.950
    97  1817761   0.960
    98  1836696   0.970
    99  1855631   0.980
   100  1874566   0.990
   101  1893501   1.000
   102  1912436   1.010
   103  1931371   1.020
   104  1950306   1.030
   105  1969241   1.040
   106  1988176   1.050
   107  2007111   1.060
   108  2026046   1.070
   109  2044981   1.080
   110  2063916   1.090
   111  2082851   1.100
   112  2101786   1.110
   113  2120721   1.120
   114  2139656   1.130
   115  2158591   1.140
   116  2177526   1.150
   117  2196461   1.160
   118  2215396   1.170
   119  2234331   1.180
   120  2253266   1.190
   121  2272201   1.200
   122  2291136   1.210
   123  2310071   1.220
   124  2329006   1.230
   125  2347941   1.240
   126  2366876   1.250
   127  2385811   1.260
   128  2404746   1.270
   129  2423681   1.280
   130  2442616   1.290
   131  2461551   1.300
   132  2480486   1.310
   133  2499421   1.320
   134  2518356   1.330
   135  2537291   1.340
   136  2556226   1.350
   137  2575161   1.360
   138  2594096   1.370
   139  2613031   1.380
   140  2631966   1.390
   141  2650901   1.400
   142  2669836   1.410
   143  2688771   1.420
   144  2707706   1.430
   145  2726641   1.440
   146  2745576   1.450
   147  2764511   1.460
   148  2783446   1.470
   149  2802381   1.480
   150  2821316   1.490
   151  2840251   1.500
   152  2859186   1.510
   153  2878121   1.520
   154  2897056   1.530
   155  2915991   1.540
   156  2934926   1.550
   157  2953861   1.560
   158  2972796   1.570
   159  2991731   1.580
   160  3010666   1.590
   161  3029601   1.600
   162  3048536   1.610
   163  3067471   1.620
   164  3086406   1.630
   165  3105341   1.640
   166  3124276   1.650
   167  3143211   1.660
   168  3162146   1.670
   169  3181081   1.680
   170  3200016   1.690
   171  3218951   1.700
   172  3237886   1.710
   173  3256821   1.720
   174  3275756   1.730
   175  3294691   1.740
   176  3313626   1.750
   177  3332561   1.760
   178  3351496   1.770
   179  3370431   1.780
   180  3389366   1.790
   181  3408301   1.800
   182  3427236   1.810
   183  3446171   1.820
