     1        0   129600   0.000
     2    18936   129600   0.010
     3    37871   129600   0.020
     4    56806   130195   0.030
     5    75741   130195   0.040
     6    94676   131788   0.050
     7   113611   131788   0.060
     8   132546   131788   0.070
     9   151481   133033   0.080
    10   170416   133033   0.090
    11   189351   134389   0.100
    12   208286   134389   0.110
    13   227221   135841   0.120
    14   246156   135841   0.130
    15   265091   135841   0.140
    16   284026   137255   0.150
    17   302961   137255   0.160
    18   321896   138718   0.170
    19   340831   138718   0.180
    20   359766   138718   0.190
    21   378701   140265   0.200
    22   397636   140265   0.210
    23   416571   141756   0.220
    24   435506   141756   0.230
    25   454441   143269   0.240
    26   473376   143269   0.250
    27   492311   143269   0.260
    28   511246   144800   0.270
    29   530181   144800   0.280
    30   549116   146378   0.290
    31   568051   146378   0.300
    32   586986   146378   0.310
    33   605921   147978   0.320
    34   624856   147978   0.330
    35   643791   149559   0.340
    36   662726   149559   0.350
    37   681661   151107   0.360
    38   700596   151107   0.370
    39   719531   151107   0.380
    40   738466   152692   0.390
    41   757401   152692   0.400
    42   776336   154229   0.410
    43   795271   154229   0.420
    44   814206   155776   0.430
    45   833141   155776   0.440
    46   852076   155776   0.450
    47   871011   157351   0.460
    48   889946   157351   0.470
    49   908881   158884   0.480
    50   927816   158884   0.490
    51   946751   160506   0.500
    52   965686   160506   0.510
    53   984621   160506   0.520
    54  1003556   162115   0.530
    55  1022491   162115   0.540
    56  1041426   163749   0.550
    57  1060361   163749   0.560
    58  1079296   165406   0.570
    59  1098231   165406   0.580
    60  1117166   165406   0.590
    61  1136101   167052   0.600
    62  1155036   167052   0.610
    63  1173971   168715   0.620
    64  1192906   168715   0.630
    65  1211841   170335   0.640
    66  1230776   170335   0.650
    67  1249711   170335   0.660
    68  1268646   171985   0.670
    69  1287581   171985   0.680
    70  1306516   173618   0.690
    71  1325451   173618   0.700
    72  1344386   173618   0.710
    73  1363321   175274   0.720
    74  1382256   175274   0.730
    75  1401191   176945   0.740
    76  1420126   176945   0.750
    77  1439061   178642   0.760
    78  1457996   178642   0.770
    79  1476931   180299   0.780
    80  1495866   180299   0.790
    81  1514801   180299   0.800
    82  1533736   181948   0.810
    83  1552671   181948   0.820
    84  1571606   183576   0.830
    85  1590541   183576   0.840
    86  1609476   185238   0.850
    87  1628411   185238   0.860
    88  1647346   185238   0.870
    89  1666281   186900   0.880
    90  1685216   186900   0.890
    91  1704151   188629   0.900
    92  1723086   188629   0.910
    93  1742021   188629   0.920
    94  1760956   190273   0.930
    95  1779891   190273   0.940
    96  1798826   192028   0.950
    97  1817761   192028   0.960
    98  1836696   193745   0.970
    99  1855631   193745   0.980
   100  1874566   193745   0.990
   101  1893501   195483   1.000
   102  1912436   195483   1.010
   103  1931371   197173   1.020
   104  1950306   197173   1.030
   105  1969241   198885   1.040
   106  1988176   198885   1.050
   107  2007111   198885   1.060
   108  2026046   200597   1.070
   109  2044981   200597   1.080
   110  2063916   202310   1.090
   111  2082851   202310   1.100
   112  2101786   204087   1.110
   113  2120721   204087   1.120
   114  2139656   204087   1.130
   115  2158591   205813   1.140
   116  2177526   205813   1.150
   117  2196461   207505   1.160
   118  2215396   207505   1.170
   119  2234331   209247   1.180
   120  2253266   209247   1.190
   121  2272201   209247   1.200
   122  2291136   210955   1.210
   123  2310071   210955   1.220
   124  2329006   212679   1.230
   125  2347941   212679   1.240
   126  2366876   214407   1.250
   127  2385811   214407   1.260
   128  2404746   214407   1.270
   129  2423681   216102   1.280
   130  2442616   216102   1.290
   131  2461551   217769   1.300
   132  2480486   217769   1.310
   133  2499421   217769   1.320
   134  2518356   219472   1.330
   135  2537291   219472   1.340
   136  2556226   221213   1.350
   137  2575161   221213   1.360
   138  2594096   222975   1.370
   139  2613031   222975   1.380
   140  2631966   222975   1.390
   141  2650901   224744   1.400
   142  2669836   224744   1.410
   143  2688771   226450   1.420
   144  2707706   226450   1.430
   145  2726641   228168   1.440
   146  2745576   228168   1.450
   147  2764511   228168   1.460
   148  2783446   229848   1.470
   149  2802381   229848   1.480
   150  2821316   231560   1.490
   151  2840251   231560   1.500
   152  2859186   233252   1.510
   153  2878121   233252   1.520
   154  2897056   233252   1.530
   155  2915991   234975   1.540
   156  2934926   234975   1.550
   157  2953861   236703   1.560
   158  2972796   236703   1.570
   159  2991731   238413   1.580
   160  3010666   238413   1.590
   161  3029601   238413   1.600
   162  3048536   240205   1.610
   163  3067471   240205   1.620
   164  3086406   241945   1.630
   165  3105341   241945   1.640
   166  3124276   243740   1.650
   167  3143211   243740   1.660
   168  3162146   243740   1.670
   169  3181081   245482   1.680
   170  3200016   245482   1.690
   171  3218951   247248   1.700
   172  3237886   247248   1.710
   173  3256821   249033   1.720
   174  3275756   249033   1.730
   175  3294691   249033   1.740
   176  3313626   250766   1.750
   177  3332561   250766   1.760
   178  3351496   252596   1.770
   179  3370431   252596   1.780
   180  3389366   252596   1.790
   181  3408301   254392   1.800
   182  3427236   254392   1.810
   183  3446171   256130   1.820
