 0.000E+00 0.000E+00
 0.316E+12 0.331E+16
 0.631E+12 0.679E+16
 0.947E+12 0.122E+17
 0.126E+13 0.145E+17
 0.158E+13 0.169E+17
 0.189E+13 0.191E+17
 0.221E+13 0.214E+17
 0.252E+13 0.245E+17
 0.284E+13 0.269E+17
 0.316E+13 0.311E+17
 0.347E+13 0.340E+17
 0.379E+13 0.460E+17
 0.410E+13 0.519E+17
 0.442E+13 0.549E+17
 0.473E+13 0.622E+17
 0.505E+13 0.652E+17
 0.536E+13 0.691E+17
 0.568E+13 0.725E+17
 0.600E+13 0.758E+17
 0.631E+13 0.829E+17
 0.663E+13 0.872E+17
 0.694E+13 0.916E+17
 0.726E+13 0.944E+17
 0.757E+13 0.976E+17
 0.789E+13 0.102E+18
 0.821E+13 0.106E+18
 0.852E+13 0.114E+18
 0.884E+13 0.123E+18
 0.915E+13 0.133E+18
 0.947E+13 0.140E+18
 0.978E+13 0.144E+18
 0.101E+14 0.148E+18
 0.104E+14 0.151E+18
 0.107E+14 0.156E+18
 0.110E+14 0.160E+18
 0.114E+14 0.164E+18
 0.117E+14 0.167E+18
 0.120E+14 0.169E+18
 0.123E+14 0.176E+18
 0.126E+14 0.179E+18
 0.129E+14 0.182E+18
 0.133E+14 0.185E+18
 0.136E+14 0.190E+18
 0.139E+14 0.194E+18
 0.142E+14 0.196E+18
 0.145E+14 0.204E+18
 0.148E+14 0.207E+18
 0.151E+14 0.215E+18
 0.155E+14 0.218E+18
 0.158E+14 0.222E+18
 0.161E+14 0.229E+18
 0.164E+14 0.232E+18
 0.167E+14 0.240E+18
 0.170E+14 0.243E+18
 0.174E+14 0.249E+18
 0.177E+14 0.253E+18
 0.180E+14 0.257E+18
 0.183E+14 0.287E+18
 0.186E+14 0.314E+18
 0.189E+14 0.329E+18
 0.193E+14 0.341E+18
 0.196E+14 0.347E+18
 0.199E+14 0.352E+18
 0.202E+14 0.355E+18
 0.205E+14 0.361E+18
 0.208E+14 0.364E+18
 0.211E+14 0.370E+18
 0.215E+14 0.373E+18
 0.218E+14 0.379E+18
 0.221E+14 0.383E+18
 0.224E+14 0.389E+18
 0.227E+14 0.397E+18
 0.230E+14 0.402E+18
 0.234E+14 0.409E+18
 0.237E+14 0.412E+18
 0.240E+14 0.415E+18
 0.243E+14 0.418E+18
 0.246E+14 0.424E+18
 0.249E+14 0.429E+18
 0.252E+14 0.432E+18
 0.256E+14 0.435E+18
 0.259E+14 0.438E+18
 0.262E+14 0.441E+18
 0.265E+14 0.445E+18
 0.268E+14 0.450E+18
 0.271E+14 0.458E+18
 0.275E+14 0.461E+18
 0.278E+14 0.465E+18
 0.281E+14 0.469E+18
 0.284E+14 0.473E+18
 0.287E+14 0.477E+18
 0.290E+14 0.479E+18
 0.293E+14 0.489E+18
 0.297E+14 0.492E+18
 0.300E+14 0.500E+18
 0.303E+14 0.503E+18
 0.306E+14 0.507E+18
 0.309E+14 0.510E+18
 0.312E+14 0.513E+18
 0.316E+14 0.520E+18
 0.319E+14 0.523E+18
 0.322E+14 0.529E+18
 0.325E+14 0.532E+18
 0.328E+14 0.537E+18
 0.331E+14 0.541E+18
 0.335E+14 0.543E+18
 0.338E+14 0.548E+18
 0.341E+14 0.551E+18
 0.344E+14 0.557E+18
 0.347E+14 0.560E+18
 0.350E+14 0.562E+18
 0.353E+14 0.566E+18
 0.357E+14 0.569E+18
 0.360E+14 0.573E+18
 0.363E+14 0.576E+18
 0.366E+14 0.581E+18
 0.369E+14 0.585E+18
 0.372E+14 0.588E+18
 0.376E+14 0.595E+18
 0.379E+14 0.597E+18
 0.382E+14 0.606E+18
 0.385E+14 0.608E+18
 0.388E+14 0.613E+18
 0.391E+14 0.616E+18
 0.394E+14 0.619E+18
 0.398E+14 0.623E+18
 0.401E+14 0.625E+18
 0.404E+14 0.630E+18
 0.407E+14 0.633E+18
 0.410E+14 0.637E+18
 0.413E+14 0.640E+18
 0.417E+14 0.642E+18
 0.420E+14 0.648E+18
 0.423E+14 0.651E+18
 0.426E+14 0.654E+18
 0.429E+14 0.657E+18
 0.432E+14 0.660E+18
 0.436E+14 0.664E+18
 0.439E+14 0.667E+18
 0.442E+14 0.672E+18
 0.445E+14 0.675E+18
 0.448E+14 0.682E+18
 0.451E+14 0.688E+18
 0.454E+14 0.697E+18
 0.458E+14 0.705E+18
 0.461E+14 0.708E+18
 0.464E+14 0.712E+18
 0.467E+14 0.774E+18
 0.470E+14 0.777E+18
 0.473E+14 0.780E+18
 0.477E+14 0.783E+18
 0.480E+14 0.786E+18
 0.483E+14 0.788E+18
 0.486E+14 0.791E+18
 0.489E+14 0.794E+18
 0.492E+14 0.797E+18
 0.495E+14 0.799E+18
 0.499E+14 0.802E+18
 0.502E+14 0.808E+18
 0.505E+14 0.810E+18
 0.508E+14 0.818E+18
 0.511E+14 0.821E+18
 0.514E+14 0.833E+18
 0.518E+14 0.836E+18
 0.521E+14 0.839E+18
 0.524E+14 0.842E+18
 0.527E+14 0.847E+18
 0.530E+14 0.852E+18
 0.533E+14 0.855E+18
 0.536E+14 0.859E+18
 0.540E+14 0.865E+18
 0.543E+14 0.870E+18
 0.546E+14 0.875E+18
 0.549E+14 0.879E+18
 0.552E+14 0.884E+18
 0.555E+14 0.897E+18
 0.559E+14 0.904E+18
 0.562E+14 0.925E+18
 0.565E+14 0.930E+18
 0.568E+14 0.935E+18
 0.571E+14 0.941E+18
 0.574E+14 0.962E+18
